[38, 31, 0, 3, 11, 0]
[52, 42, 0, 3, 11, 0]
[53, 45, 0, 2, 6, 0]
[38, 31, 1, 3, 9, 0]
[31, 26, 0, 1, 8, 0]
[53, 40, 2, 2, 14, 0]
[47, 38, 2, 2, 11, 0]
[43, 37, 1, 2, 23, 1]
[24, 17, 2, 1, 9, 0]
[21, 17, 0, 1, 6, 0]
[35, 28, 0, 3, 11, 0]
[29, 23, 0, 2, 11, 0]
[36, 28, 2, 3, 9, 0]
[30, 24, 0, 3, 5, 0]
[47, 35, 5, 3, 9, 0]
[24, 20, 0, 1, 11, 0]
[54, 45, 0, 2, 14, 0]
[30, 24, 0, 2, 9, 0]
[48, 37, 1, 3, 9, 0]
[38, 31, 0, 1, 11, 0]
[36, 27, 0, 2, 6, 0]
[33, 27, 0, 2, 6, 0]
[54, 47, 0, 2, 11, 0]
[32, 24, 0, 2, 6, 0]
[29, 21, 0, 3, 9, 0]
[35, 27, 0, 2, 6, 0]
[35, 27, 0, 3, 9, 0]
[34, 28, 0, 3, 5, 0]
[55, 48, 0, 2, 11, 0]
[44, 39, 0, 2, 25, 0]
[18, 14, 0, 1, 6, 0]
[32, 26, 0, 2, 6, 0]
[32, 24, 0, 2, 6, 0]
[27, 21, 0, 2, 6, 0]
[32, 24, 0, 2, 6, 0]
[30, 23, 2, 2, 6, 0]
[19, 11, 4, 1, 5, 4]
[32, 23, 4, 2, 10, 0]
[68, 58, 0, 2, 14, 0]
[32, 25, 0, 2, 7, 0]
[25, 20, 0, 2, 6, 0]
[28, 22, 0, 4, 16, 0]
[48, 39, 0, 2, 14, 0]
[43, 36, 0, 2, 11, 0]
[67, 55, 1, 2, 14, 0]
[47, 40, 0, 2, 11, 0]
[49, 42, 0, 2, 11, 0]
[36, 28, 1, 3, 11, 0]
[35, 29, 0, 3, 11, 0]
[36, 30, 0, 3, 11, 0]
[63, 52, 0, 3, 11, 0]
[34, 27, 0, 3, 11, 0]
[39, 32, 0, 3, 11, 0]
[39, 33, 0, 2, 6, 0]
[47, 40, 0, 2, 6, 0]
[35, 30, 0, 2, 8, 0]
[30, 23, 0, 1, 6, 0]
[20, 16, 0, 1, 10, 0]
[25, 21, 0, 1, 15, 0]
[26, 19, 0, 2, 6, 0]
[15, 11, 0, 1, 5, 0]
[55, 31, 10, 6, 7, 0]
[55, 46, 0, 3, 11, 0]
[61, 51, 0, 3, 11, 0]
[22, 18, 0, 1, 6, 0]
[25, 21, 0, 1, 11, 0]
[32, 26, 0, 3, 9, 0]
[42, 35, 1, 3, 9, 0]
[44, 37, 1, 1, 6, 0]
[53, 46, 0, 3, 9, 0]
[42, 33, 0, 3, 5, 0]
[45, 38, 0, 1, 7, 0]
[46, 40, 0, 3, 5, 0]
[42, 36, 0, 1, 7, 0]
[45, 39, 0, 3, 5, 0]
[40, 33, 1, 3, 9, 0]
[41, 31, 0, 3, 5, 0]
[45, 39, 0, 3, 5, 0]
[37, 31, 0, 1, 24, 0]
[33, 28, 0, 1, 21, 0]
[18, 14, 0, 2, 9, 0]
[29, 23, 0, 1, 7, 0]
[35, 27, 0, 3, 5, 0]
[45, 39, 0, 3, 5, 0]
[28, 23, 0, 2, 6, 0]
[24, 15, 0, 3, 7, 0]
[42, 34, 1, 3, 9, 0]
[46, 38, 0, 3, 8, 0]
[36, 30, 0, 3, 11, 0]
[22, 18, 0, 1, 12, 0]
[37, 31, 1, 1, 17, 0]
[28, 23, 0, 2, 8, 0]
[27, 20, 0, 3, 5, 0]
[26, 21, 0, 3, 14, 0]
[43, 35, 1, 3, 9, 0]
[28, 22, 0, 3, 5, 0]
[54, 46, 1, 3, 9, 0]
[34, 24, 0, 3, 5, 0]
[43, 35, 0, 3, 9, 0]
[44, 39, 0, 2, 6, 0]
[28, 23, 0, 1, 7, 0]
[45, 35, 0, 3, 6, 0]
[39, 29, 2, 4, 10, 0]
[35, 28, 1, 3, 9, 0]
[45, 38, 0, 1, 7, 0]
[45, 38, 0, 1, 7, 0]
[39, 32, 1, 3, 9, 0]
[42, 35, 1, 1, 7, 0]
[29, 22, 0, 2, 4, 0]
[32, 26, 0, 3, 8, 0]
[43, 35, 0, 3, 11, 0]
[31, 26, 0, 2, 9, 0]
[55, 47, 0, 4, 9, 0]
[62, 52, 0, 6, 2, 0]
[35, 29, 0, 3, 11, 0]
[38, 25, 7, 3, 4, 0]
[29, 24, 0, 2, 11, 0]
[35, 29, 0, 3, 11, 0]
[43, 35, 1, 3, 9, 0]
[32, 23, 0, 2, 7, 0]
[63, 49, 3, 2, 14, 0]
[54, 44, 3, 2, 11, 0]
[53, 46, 0, 2, 11, 0]
[32, 23, 0, 2, 7, 0]
[28, 21, 0, 2, 6, 0]
[18, 14, 0, 1, 8, 0]
[21, 17, 0, 1, 11, 0]
[23, 17, 2, 1, 4, 2]
[47, 40, 0, 3, 9, 0]
[26, 22, 0, 1, 11, 0]
[38, 31, 0, 3, 9, 0]
[35, 27, 0, 2, 9, 0]
[38, 33, 0, 2, 15, 0]
[59, 48, 1, 2, 14, 0]
[59, 48, 1, 2, 14, 0]
[64, 52, 1, 2, 14, 0]
[53, 46, 0, 2, 11, 0]
[40, 33, 0, 3, 11, 0]
[37, 24, 4, 2, 2, 0]
[43, 30, 4, 3, 7, 0]
[37, 31, 0, 3, 9, 0]
[20, 16, 0, 2, 6, 0]
[39, 31, 1, 3, 9, 0]
[23, 19, 0, 1, 13, 0]
[66, 56, 1, 3, 9, 0]
[51, 39, 0, 3, 6, 0]
[32, 24, 0, 3, 11, 0]
[21, 17, 0, 2, 7, 0]
[45, 36, 2, 2, 12, 0]
[32, 26, 0, 2, 8, 0]
[20, 16, 0, 1, 10, 0]
[29, 22, 0, 2, 11, 0]
[57, 47, 1, 2, 6, 0]
[50, 42, 0, 3, 8, 0]
[36, 31, 0, 1, 9, 0]
[48, 39, 0, 3, 9, 0]
[40, 32, 0, 4, 4, 0]
[18, 14, 0, 1, 6, 0]
[66, 56, 0, 2, 14, 0]
[60, 49, 1, 2, 14, 0]
[78, 65, 1, 2, 14, 0]
[50, 36, 1, 2, 14, 0]
[50, 40, 1, 2, 14, 0]
[50, 36, 1, 2, 14, 0]
[50, 40, 1, 2, 14, 0]
[50, 40, 1, 2, 14, 0]
[50, 40, 1, 2, 14, 0]
[52, 45, 0, 2, 11, 0]
[49, 42, 0, 2, 11, 0]
[65, 58, 0, 2, 11, 0]
[65, 58, 0, 2, 11, 0]
[55, 48, 0, 2, 11, 0]
[39, 32, 0, 2, 11, 0]
[45, 38, 0, 2, 11, 0]
[51, 45, 1, 2, 31, 1]
[41, 35, 1, 2, 21, 1]
[46, 41, 0, 2, 27, 0]
[41, 36, 0, 2, 22, 0]
[33, 27, 0, 3, 11, 0]
[45, 37, 0, 3, 11, 0]
[38, 30, 0, 3, 11, 0]
[38, 32, 0, 3, 9, 0]
[30, 24, 0, 2, 9, 0]
[38, 31, 0, 3, 9, 0]
[57, 50, 0, 2, 11, 0]
[42, 37, 0, 2, 23, 0]
[48, 35, 0, 3, 5, 0]
[19, 15, 0, 1, 3, 0]
[38, 31, 0, 3, 11, 0]
[20, 15, 0, 2, 4, 0]
[24, 19, 0, 2, 8, 0]
[36, 30, 0, 3, 9, 0]
[38, 30, 0, 4, 4, 0]
[47, 40, 0, 2, 11, 0]
[25, 21, 0, 1, 6, 0]
[30, 23, 1, 3, 6, 0]
[30, 24, 0, 2, 9, 0]
[26, 21, 0, 1, 6, 0]
[23, 17, 1, 2, 5, 1]
[21, 15, 1, 2, 5, 1]
[48, 40, 1, 3, 9, 0]
[34, 28, 0, 3, 9, 0]
[28, 23, 0, 1, 6, 0]
[16, 12, 0, 1, 3, 0]
[50, 42, 0, 3, 9, 0]
[36, 28, 1, 4, 9, 0]
[30, 24, 0, 2, 10, 0]
[29, 23, 0, 2, 10, 0]
[33, 25, 0, 3, 5, 0]
[21, 15, 0, 2, 5, 0]
[27, 22, 0, 2, 9, 0]
[23, 18, 0, 2, 8, 0]
[37, 30, 0, 3, 14, 0]
[22, 18, 0, 2, 9, 0]
[23, 18, 0, 2, 6, 0]
[23, 18, 0, 2, 8, 0]
[39, 32, 1, 3, 9, 0]
[35, 27, 2, 3, 9, 0]
[42, 32, 1, 3, 7, 0]
[26, 21, 0, 1, 6, 0]
[22, 18, 0, 1, 8, 0]
[29, 24, 0, 3, 16, 0]
[20, 16, 0, 1, 8, 0]
[55, 43, 1, 2, 12, 0]
[22, 18, 0, 1, 4, 0]
[26, 22, 0, 1, 8, 0]
[30, 25, 1, 1, 9, 0]
[35, 27, 1, 3, 9, 0]
[24, 20, 0, 1, 6, 0]
[30, 26, 0, 1, 11, 0]
[35, 28, 1, 2, 6, 0]
[36, 28, 1, 3, 9, 0]
[46, 35, 4, 3, 9, 0]
[20, 14, 2, 1, 6, 0]
[23, 19, 0, 1, 9, 0]
[23, 18, 0, 2, 8, 0]
[42, 36, 1, 1, 15, 0]
[18, 14, 0, 1, 8, 0]
[22, 17, 0, 1, 11, 0]
[26, 21, 0, 1, 9, 0]
[23, 19, 0, 1, 13, 0]
[37, 30, 1, 2, 7, 0]
[27, 21, 1, 1, 6, 0]
[28, 20, 4, 1, 6, 0]
[23, 18, 0, 1, 6, 0]
[19, 16, 0, 1, 3, 0]
[24, 19, 0, 2, 4, 0]
[38, 32, 0, 2, 6, 0]
[19, 14, 1, 1, 1, 1]
[37, 30, 1, 3, 9, 0]
[39, 32, 1, 3, 9, 0]
[32, 26, 0, 1, 6, 0]
[33, 25, 2, 2, 6, 0]
[23, 19, 0, 1, 8, 0]
[37, 31, 0, 1, 12, 0]
[37, 30, 0, 2, 8, 0]
[25, 21, 0, 1, 8, 0]
[41, 33, 2, 1, 9, 0]
[26, 22, 0, 1, 8, 0]
[51, 39, 1, 2, 12, 0]
[24, 20, 0, 1, 9, 0]
[31, 27, 0, 1, 9, 0]
[34, 29, 0, 1, 14, 0]
[30, 25, 0, 1, 11, 0]
[44, 30, 5, 2, 2, 0]
[57, 50, 0, 2, 11, 0]
[53, 46, 0, 2, 11, 0]
[54, 47, 0, 2, 11, 0]
[53, 45, 1, 3, 9, 0]
[37, 31, 0, 1, 24, 0]
[30, 26, 0, 1, 11, 0]
[29, 24, 0, 2, 8, 0]
[31, 25, 0, 2, 9, 0]
[31, 25, 0, 2, 9, 0]
[45, 37, 0, 2, 10, 0]
[47, 40, 0, 2, 11, 0]
[37, 32, 0, 2, 18, 0]
[41, 21, 6, 5, 3, 0]
[48, 29, 4, 4, 3, 0]
[33, 26, 1, 3, 9, 0]
[41, 33, 1, 3, 9, 0]
[21, 14, 2, 1, 6, 0]
[45, 35, 0, 3, 9, 0]
[53, 44, 2, 3, 9, 0]
[34, 26, 0, 3, 9, 0]
[29, 23, 0, 3, 9, 0]
[37, 31, 0, 3, 5, 0]
[34, 26, 3, 2, 6, 0]
[47, 39, 1, 3, 9, 0]
[43, 34, 3, 3, 9, 0]
[32, 25, 1, 3, 9, 0]
[46, 37, 2, 3, 9, 0]
[46, 35, 4, 3, 9, 0]
[31, 24, 1, 3, 9, 0]
[23, 18, 0, 1, 6, 0]
[44, 37, 0, 2, 6, 0]
[21, 17, 0, 1, 6, 0]
[23, 19, 0, 1, 13, 0]
[34, 27, 1, 3, 9, 0]
[27, 23, 0, 1, 9, 0]
[37, 26, 3, 1, 5, 1]
[38, 31, 1, 3, 9, 0]
[30, 23, 1, 3, 9, 0]
[43, 30, 6, 3, 9, 0]
[40, 26, 6, 2, 7, 0]
[23, 18, 0, 2, 8, 0]
[27, 22, 0, 2, 8, 0]
[31, 25, 0, 1, 6, 0]
[32, 27, 0, 1, 14, 0]
[31, 24, 1, 3, 9, 0]
[36, 30, 0, 1, 9, 0]
[31, 22, 2, 3, 9, 0]
[29, 22, 1, 3, 9, 0]
[41, 30, 1, 3, 9, 0]
[32, 23, 3, 2, 6, 0]
[41, 35, 0, 3, 9, 0]
[19, 15, 0, 1, 9, 0]
[49, 42, 0, 3, 9, 0]
[56, 51, 0, 2, 6, 0]
[42, 36, 0, 3, 9, 0]
[28, 21, 3, 1, 6, 0]
[21, 12, 4, 1, 6, 0]
[39, 26, 0, 3, 9, 0]
[34, 28, 0, 3, 9, 0]
[45, 37, 1, 3, 9, 0]
[39, 32, 1, 3, 9, 0]
[34, 27, 1, 2, 6, 0]
[38, 32, 0, 2, 7, 0]
[42, 32, 1, 3, 9, 0]
[28, 22, 0, 3, 9, 0]
[31, 24, 1, 3, 9, 0]
[35, 27, 2, 3, 9, 0]
[22, 16, 2, 1, 6, 0]
[51, 41, 2, 3, 9, 0]
[43, 37, 0, 2, 6, 0]
[37, 31, 0, 2, 10, 0]
[63, 52, 0, 3, 10, 0]
[28, 20, 2, 1, 6, 0]
[44, 37, 1, 3, 9, 0]
[36, 30, 0, 3, 9, 0]
[22, 17, 0, 1, 11, 0]
[20, 16, 0, 1, 8, 0]
[19, 15, 0, 1, 8, 0]
[30, 25, 0, 2, 9, 0]
[44, 38, 1, 2, 9, 0]
[35, 29, 0, 3, 9, 0]
[37, 28, 3, 3, 9, 0]
[44, 36, 1, 3, 9, 0]
[43, 37, 0, 3, 9, 0]
[34, 28, 0, 3, 9, 0]
[36, 29, 1, 3, 9, 0]
[37, 30, 0, 3, 9, 0]
[41, 35, 0, 2, 6, 0]
[27, 20, 1, 3, 9, 0]
[21, 16, 1, 1, 6, 0]
[35, 24, 0, 3, 5, 0]
[41, 32, 2, 3, 9, 0]
[35, 27, 0, 3, 9, 0]
[30, 27, 0, 1, 13, 0]
[48, 41, 0, 3, 9, 0]
[24, 20, 0, 1, 14, 0]
[34, 28, 0, 3, 9, 0]
[29, 24, 1, 1, 6, 0]
[22, 18, 0, 1, 12, 0]
[40, 33, 0, 3, 11, 0]
[44, 36, 1, 3, 9, 0]
[23, 19, 0, 1, 6, 0]
[32, 27, 1, 1, 6, 0]
[29, 23, 0, 3, 9, 0]
[42, 30, 1, 3, 9, 0]
[37, 31, 0, 3, 9, 0]
[29, 24, 0, 2, 6, 0]
[22, 16, 1, 1, 3, 0]
[29, 24, 0, 2, 8, 0]
[24, 20, 0, 1, 14, 0]
[29, 23, 0, 3, 9, 0]
[56, 49, 0, 3, 9, 0]
[37, 30, 1, 3, 9, 0]
[45, 36, 1, 3, 9, 0]
[38, 31, 2, 2, 6, 0]
[35, 28, 1, 3, 9, 0]
[20, 14, 1, 1, 7, 0]
[29, 22, 3, 1, 6, 0]
[38, 28, 4, 3, 9, 0]
[35, 28, 1, 3, 9, 0]
[35, 29, 0, 3, 9, 0]
[14, 9, 1, 1, 1, 1]
[42, 32, 1, 3, 9, 0]
[44, 36, 2, 2, 6, 0]
[33, 26, 1, 3, 9, 0]
[29, 21, 2, 2, 6, 0]
[37, 28, 2, 3, 9, 0]
[44, 37, 0, 3, 9, 0]
[28, 20, 1, 3, 9, 0]
[26, 18, 0, 1, 6, 0]
[23, 18, 1, 1, 6, 0]
[47, 38, 1, 3, 9, 0]
[18, 13, 1, 1, 1, 1]
[30, 24, 0, 3, 9, 0]
[32, 22, 0, 3, 9, 0]
[25, 19, 2, 1, 6, 0]
[39, 33, 0, 3, 9, 0]
[43, 34, 2, 3, 9, 0]
[44, 36, 1, 3, 9, 0]
[27, 20, 1, 3, 9, 0]
[27, 20, 0, 1, 6, 0]
[40, 26, 0, 3, 9, 0]
[36, 30, 0, 3, 9, 0]
[41, 34, 1, 3, 9, 0]
[30, 25, 1, 1, 6, 0]
[55, 40, 8, 3, 9, 0]
[33, 27, 0, 3, 9, 0]
[38, 28, 4, 3, 9, 0]
[43, 39, 0, 1, 6, 0]
[40, 33, 0, 2, 6, 0]
[21, 17, 0, 1, 11, 0]
[40, 34, 0, 2, 6, 0]
[25, 20, 0, 1, 6, 0]
[36, 30, 0, 3, 9, 0]
[27, 21, 1, 1, 1, 1]
[30, 25, 0, 1, 6, 0]
[32, 25, 1, 3, 9, 0]
[34, 26, 2, 3, 9, 0]
[40, 31, 2, 3, 9, 0]
[43, 38, 0, 1, 6, 0]
[27, 19, 2, 3, 9, 0]
[33, 26, 0, 3, 8, 0]
[18, 13, 1, 1, 4, 0]
[33, 28, 0, 2, 8, 0]
[20, 16, 0, 1, 6, 0]
[26, 21, 0, 1, 6, 0]
[21, 16, 0, 1, 6, 0]
[37, 28, 2, 3, 9, 0]
[34, 28, 0, 3, 9, 0]
[29, 24, 0, 1, 6, 0]
[22, 17, 0, 1, 4, 0]
[29, 22, 2, 2, 8, 0]
[26, 21, 0, 1, 6, 0]
[24, 15, 5, 1, 6, 0]
[41, 34, 0, 2, 7, 0]
[36, 30, 0, 1, 6, 0]
[47, 41, 0, 2, 6, 0]
[29, 23, 0, 2, 6, 0]
[39, 30, 4, 1, 6, 0]
[49, 42, 1, 2, 6, 0]
[33, 26, 1, 3, 9, 0]
[48, 39, 2, 3, 9, 0]
[39, 26, 0, 3, 9, 0]
[34, 27, 1, 3, 9, 0]
[36, 30, 0, 3, 9, 0]
[54, 46, 1, 3, 9, 0]
[34, 28, 0, 3, 9, 0]
[31, 25, 0, 3, 9, 0]
[27, 21, 0, 3, 9, 0]
[30, 20, 4, 3, 9, 0]
[49, 42, 0, 3, 9, 0]
[21, 16, 0, 1, 6, 0]
[41, 32, 3, 2, 6, 0]
[37, 31, 0, 1, 6, 0]
[46, 39, 1, 3, 9, 0]
[34, 26, 0, 1, 6, 0]
[53, 44, 2, 3, 9, 0]
[36, 29, 1, 3, 9, 0]
[43, 33, 2, 3, 9, 0]
[37, 31, 0, 3, 9, 0]
[33, 26, 0, 2, 6, 0]
[41, 35, 0, 3, 9, 0]
[40, 29, 4, 2, 6, 0]
[32, 26, 0, 3, 9, 0]
[38, 28, 0, 3, 9, 0]
[25, 20, 1, 1, 5, 1]
[23, 19, 0, 1, 6, 0]
[27, 17, 1, 3, 9, 0]
[40, 33, 1, 3, 9, 0]
[31, 21, 0, 3, 9, 0]
[23, 17, 2, 1, 6, 0]
[33, 27, 0, 3, 9, 0]
[35, 27, 2, 3, 9, 0]
[43, 36, 0, 3, 9, 0]
[37, 27, 3, 3, 9, 0]
[37, 31, 0, 3, 9, 0]
[33, 27, 0, 2, 6, 0]
[51, 43, 1, 3, 9, 0]
[23, 18, 1, 1, 1, 1]
[23, 17, 0, 2, 6, 0]
[27, 17, 1, 3, 9, 0]
[33, 25, 0, 3, 9, 0]
[26, 20, 1, 1, 12, 0]
[28, 17, 2, 3, 9, 0]
[42, 31, 4, 3, 9, 0]
[35, 28, 1, 3, 9, 0]
[29, 23, 0, 3, 9, 0]
[34, 25, 1, 2, 6, 0]
[34, 28, 0, 3, 9, 0]
[37, 30, 1, 3, 9, 0]
[40, 34, 0, 3, 9, 0]
[42, 30, 1, 2, 6, 0]
[42, 36, 0, 3, 9, 0]
[23, 18, 0, 1, 6, 0]
[30, 22, 3, 1, 5, 1]
[39, 28, 5, 3, 9, 0]
[35, 29, 0, 3, 9, 0]
[48, 39, 1, 3, 9, 0]
[33, 27, 2, 1, 4, 2]
[24, 19, 0, 1, 6, 0]
[34, 29, 0, 1, 6, 0]
[37, 31, 0, 3, 9, 0]
[30, 22, 2, 2, 6, 0]
[22, 15, 2, 1, 6, 0]
[18, 13, 1, 1, 1, 1]
[34, 27, 1, 3, 9, 0]
[45, 36, 2, 3, 9, 0]
[36, 30, 0, 1, 6, 0]
[25, 21, 0, 1, 6, 0]
[27, 20, 1, 3, 9, 0]
[29, 22, 1, 3, 9, 0]
[18, 12, 2, 1, 6, 0]
[43, 32, 4, 3, 9, 0]
[20, 14, 1, 1, 7, 0]
[21, 17, 0, 1, 11, 0]
[32, 25, 1, 3, 9, 0]
[41, 32, 1, 3, 9, 0]
[34, 27, 1, 3, 9, 0]
[35, 29, 0, 3, 9, 0]
[42, 35, 0, 3, 9, 0]
[36, 26, 4, 3, 9, 0]
[41, 35, 0, 3, 9, 0]
[40, 34, 0, 3, 9, 0]
[20, 14, 2, 1, 6, 0]
[41, 34, 1, 3, 9, 0]
[46, 38, 1, 3, 9, 0]
[37, 30, 1, 3, 9, 0]
[34, 28, 0, 3, 9, 0]
[41, 33, 1, 3, 9, 0]
[29, 23, 0, 1, 6, 0]
[34, 28, 0, 3, 9, 0]
[22, 18, 0, 1, 11, 0]
[37, 31, 1, 2, 6, 0]
[32, 26, 0, 3, 9, 0]
[45, 38, 0, 3, 9, 0]
[44, 37, 0, 3, 9, 0]
[27, 22, 1, 1, 6, 0]
[30, 24, 0, 3, 9, 0]
[33, 28, 0, 2, 8, 0]
[29, 22, 1, 3, 9, 0]
[38, 31, 0, 1, 6, 0]
[43, 38, 0, 1, 6, 0]
[22, 18, 0, 1, 6, 0]
[40, 34, 0, 3, 9, 0]
[39, 32, 2, 2, 6, 0]
[27, 21, 0, 1, 6, 0]
[19, 14, 0, 1, 8, 0]
[39, 33, 0, 2, 9, 0]
[37, 29, 0, 1, 6, 0]
[24, 20, 0, 1, 6, 0]
[33, 26, 1, 3, 9, 0]
[36, 30, 0, 3, 9, 0]
[50, 40, 0, 3, 9, 0]
[35, 29, 0, 3, 9, 0]
[32, 25, 1, 3, 9, 0]
[41, 35, 0, 3, 9, 0]
[39, 32, 1, 3, 9, 0]
[47, 38, 1, 3, 9, 0]
[37, 29, 2, 3, 9, 0]
[37, 29, 1, 3, 9, 0]
[22, 18, 0, 1, 6, 0]
[37, 31, 0, 3, 9, 0]
[36, 30, 0, 3, 9, 0]
[48, 40, 1, 3, 9, 0]
[24, 18, 2, 1, 6, 0]
[34, 28, 0, 3, 9, 0]
[35, 26, 1, 3, 9, 0]
[42, 35, 0, 3, 9, 0]
[43, 35, 1, 3, 9, 0]
[41, 30, 0, 3, 9, 0]
[29, 22, 1, 3, 9, 0]
[29, 21, 2, 3, 9, 0]
[23, 17, 2, 1, 6, 0]
[44, 35, 2, 3, 9, 0]
[29, 21, 1, 3, 9, 0]
[38, 25, 0, 3, 9, 0]
[25, 21, 0, 1, 6, 0]
[38, 28, 0, 3, 9, 0]
[31, 24, 1, 3, 9, 0]
[46, 35, 0, 3, 9, 0]
[38, 28, 0, 3, 9, 0]
[37, 27, 0, 3, 9, 0]
[45, 36, 0, 3, 9, 0]
[42, 26, 4, 3, 9, 0]
[44, 38, 0, 3, 9, 0]
[33, 26, 1, 3, 9, 0]
[35, 25, 0, 3, 9, 0]
[37, 30, 0, 2, 6, 0]
[48, 40, 1, 3, 9, 0]
[33, 22, 2, 3, 9, 0]
[37, 30, 0, 3, 9, 0]
[48, 39, 1, 3, 9, 0]
[42, 24, 2, 3, 9, 0]
[34, 24, 0, 3, 9, 0]
[44, 36, 1, 3, 9, 0]
[40, 31, 1, 3, 9, 0]
[39, 31, 1, 3, 9, 0]
[39, 31, 2, 3, 9, 0]
[38, 31, 1, 3, 9, 0]
[37, 31, 0, 2, 6, 0]
[36, 29, 1, 3, 9, 0]
[35, 28, 1, 3, 9, 0]
[46, 39, 0, 3, 9, 0]
[35, 28, 1, 3, 9, 0]
[41, 31, 0, 3, 9, 0]
[36, 28, 0, 3, 9, 0]
[36, 30, 0, 3, 9, 0]
[20, 14, 2, 1, 6, 0]
[43, 32, 4, 3, 9, 0]
[22, 18, 0, 1, 5, 0]
[35, 27, 2, 3, 9, 0]
[49, 41, 0, 3, 9, 0]
[36, 28, 2, 3, 9, 0]
[40, 31, 1, 2, 12, 0]
[21, 17, 0, 1, 11, 0]
[25, 20, 0, 2, 8, 0]
[29, 20, 5, 1, 4, 0]
[38, 32, 0, 3, 9, 0]
[38, 31, 1, 3, 9, 0]
[35, 20, 1, 3, 9, 0]
[31, 25, 0, 3, 9, 0]
[39, 30, 4, 2, 6, 0]
[50, 30, 7, 2, 6, 0]
[29, 23, 0, 3, 9, 0]
[38, 29, 3, 3, 9, 0]
[36, 31, 0, 2, 6, 0]
[37, 24, 0, 3, 9, 0]
[42, 33, 1, 3, 9, 0]
[37, 31, 1, 1, 6, 0]
[27, 19, 1, 3, 9, 0]
[50, 38, 5, 3, 9, 0]
[24, 20, 0, 1, 11, 0]
[60, 52, 0, 3, 9, 0]
[36, 28, 1, 1, 6, 0]
[33, 29, 0, 1, 12, 0]
[39, 30, 1, 3, 9, 0]
[35, 28, 1, 3, 9, 0]
[29, 20, 3, 3, 9, 0]
[47, 39, 1, 3, 9, 0]
[42, 29, 4, 2, 6, 0]
[37, 27, 2, 3, 9, 0]
[42, 36, 0, 3, 9, 0]
[34, 29, 0, 1, 6, 0]
[39, 30, 2, 3, 9, 0]
[34, 28, 0, 3, 9, 0]
[34, 29, 0, 1, 6, 0]
[29, 25, 0, 1, 6, 0]
[46, 38, 1, 3, 9, 0]
[26, 18, 3, 1, 11, 0]
[32, 27, 0, 1, 6, 0]
[19, 13, 2, 1, 1, 2]
[33, 26, 2, 2, 8, 0]
[34, 24, 4, 1, 6, 0]
[26, 19, 3, 1, 6, 0]
[36, 28, 2, 3, 9, 0]
[45, 37, 1, 3, 9, 0]
[32, 25, 1, 3, 9, 0]
[39, 33, 0, 3, 9, 0]
[32, 22, 4, 3, 9, 0]
[32, 18, 1, 3, 9, 0]
[39, 29, 2, 2, 6, 0]
[34, 28, 0, 3, 9, 0]
[23, 18, 1, 1, 1, 1]
[49, 42, 0, 3, 9, 0]
[39, 32, 1, 3, 9, 0]
[47, 36, 1, 3, 9, 0]
[30, 23, 1, 3, 9, 0]
[47, 37, 3, 3, 9, 0]
[46, 38, 1, 3, 9, 0]
[34, 29, 0, 2, 20, 0]
[50, 40, 2, 3, 9, 0]
[44, 36, 1, 3, 9, 0]
[41, 34, 0, 3, 9, 0]
[34, 28, 0, 3, 9, 0]
[38, 31, 0, 2, 8, 0]
[35, 26, 2, 4, 9, 0]
[21, 16, 0, 1, 6, 0]
[29, 22, 1, 3, 9, 0]
[43, 37, 0, 3, 9, 0]
[34, 26, 3, 2, 6, 0]
[52, 40, 1, 3, 9, 0]
[38, 31, 1, 3, 9, 0]
[28, 23, 0, 1, 6, 0]
[38, 33, 0, 2, 16, 0]
[38, 32, 0, 2, 10, 0]
[46, 37, 0, 2, 14, 0]
[24, 20, 0, 1, 6, 0]
[40, 34, 0, 3, 9, 0]
[23, 18, 1, 1, 6, 0]
[40, 29, 4, 3, 8, 3]
[43, 36, 0, 3, 9, 0]
[40, 33, 1, 3, 9, 0]
[42, 36, 0, 3, 9, 0]
[50, 42, 1, 3, 9, 0]
[38, 32, 0, 3, 9, 0]
[34, 26, 2, 3, 9, 0]
[32, 26, 0, 1, 9, 0]
[21, 17, 0, 1, 6, 0]
[41, 34, 1, 3, 9, 0]
[35, 25, 1, 3, 9, 0]
[48, 41, 0, 3, 9, 0]
[43, 34, 0, 3, 9, 0]
[36, 29, 1, 3, 9, 0]
[64, 43, 0, 4, 33, 0]
[25, 20, 0, 2, 9, 0]
[19, 15, 0, 1, 9, 0]
[58, 47, 1, 2, 14, 0]
[59, 47, 2, 2, 14, 0]
[58, 47, 1, 2, 14, 0]
[58, 47, 1, 2, 14, 0]
[51, 44, 0, 2, 11, 0]
[45, 37, 0, 2, 6, 0]
[58, 47, 1, 2, 14, 0]
[58, 47, 1, 2, 14, 0]
[58, 47, 1, 2, 14, 0]
[58, 47, 1, 2, 14, 0]
[58, 47, 1, 2, 14, 0]
[37, 32, 0, 2, 18, 0]
[49, 39, 0, 3, 11, 0]
[38, 31, 0, 3, 11, 0]
[40, 31, 1, 3, 11, 0]
[42, 35, 0, 3, 11, 0]
[41, 34, 0, 2, 12, 0]
[34, 28, 0, 3, 11, 0]
[29, 23, 0, 2, 6, 0]
[37, 30, 2, 2, 16, 2]
[25, 20, 0, 2, 6, 0]
[47, 40, 0, 2, 11, 0]
[48, 40, 1, 2, 11, 0]
[59, 51, 0, 2, 11, 0]
[50, 42, 0, 3, 7, 0]
[40, 33, 1, 3, 9, 0]
[39, 31, 0, 3, 3, 0]
[41, 31, 0, 3, 9, 0]
[42, 36, 0, 2, 9, 0]
[27, 23, 0, 1, 6, 0]
[42, 36, 0, 2, 9, 0]
[36, 29, 2, 2, 6, 0]
[34, 21, 1, 2, 9, 0]
[29, 22, 0, 3, 5, 0]
[46, 36, 0, 2, 14, 0]
[31, 24, 0, 2, 6, 0]
[39, 26, 4, 2, 2, 0]
[24, 20, 0, 1, 6, 0]
[49, 42, 0, 2, 11, 0]
[58, 48, 0, 2, 14, 0]
[51, 44, 0, 2, 11, 0]
[34, 28, 0, 3, 11, 0]
[46, 39, 0, 3, 11, 0]
[42, 35, 0, 3, 11, 0]
[43, 36, 0, 3, 11, 0]
[35, 29, 0, 3, 11, 0]
[47, 40, 0, 3, 11, 0]
[32, 25, 0, 4, 9, 0]
[45, 38, 0, 2, 11, 0]
[35, 28, 0, 3, 5, 0]
[21, 17, 0, 1, 6, 0]
[49, 42, 0, 2, 11, 0]
[57, 47, 0, 3, 11, 0]
[37, 31, 0, 2, 4, 0]
[57, 50, 0, 2, 11, 0]
[47, 42, 0, 2, 28, 0]
[55, 40, 4, 3, 11, 0]
[33, 28, 0, 2, 6, 0]
[42, 36, 0, 2, 6, 0]
[28, 22, 0, 3, 9, 0]
[37, 31, 0, 3, 5, 0]
[36, 30, 0, 3, 9, 0]
[17, 13, 0, 1, 6, 0]
[31, 24, 0, 2, 5, 0]
[35, 28, 0, 1, 7, 0]
[15, 11, 0, 1, 5, 0]
[22, 13, 0, 2, 7, 0]
[27, 22, 0, 2, 8, 0]
[32, 26, 0, 3, 11, 0]
[22, 18, 0, 1, 12, 0]
[34, 28, 0, 1, 6, 0]
[31, 24, 1, 3, 9, 0]
[41, 34, 0, 3, 11, 0]
[29, 22, 0, 2, 16, 0]
[44, 37, 0, 4, 9, 0]
[36, 29, 1, 3, 9, 0]
[24, 20, 0, 1, 6, 0]
[34, 25, 0, 3, 5, 0]
[34, 24, 0, 3, 5, 0]
[38, 30, 0, 3, 5, 0]
[21, 17, 0, 1, 8, 0]
[30, 24, 0, 2, 12, 0]
[27, 22, 1, 1, 1, 1]
[20, 16, 0, 1, 7, 0]
[39, 32, 1, 3, 9, 0]
[20, 13, 3, 1, 1, 3]
[26, 21, 0, 1, 6, 0]
[27, 23, 0, 1, 10, 0]
[47, 34, 0, 3, 5, 0]
[33, 26, 1, 3, 9, 0]
[45, 40, 0, 2, 6, 0]
[40, 29, 0, 2, 5, 0]
[40, 27, 0, 3, 5, 0]
[52, 43, 0, 3, 5, 0]
[36, 29, 0, 1, 5, 0]
[28, 24, 0, 1, 18, 0]
[29, 24, 0, 1, 18, 0]
[28, 21, 1, 2, 9, 0]
[44, 35, 0, 2, 4, 0]
[35, 29, 0, 3, 9, 0]
[37, 32, 0, 2, 8, 0]
[30, 25, 0, 2, 8, 0]
[21, 17, 0, 1, 11, 0]
[20, 16, 0, 1, 10, 0]
[40, 34, 0, 2, 13, 0]
[50, 35, 0, 3, 5, 0]
[26, 20, 0, 2, 10, 0]
[47, 40, 0, 3, 11, 0]
[75, 62, 1, 3, 11, 0]
[73, 62, 0, 3, 11, 0]
[40, 34, 0, 2, 11, 0]
[41, 34, 0, 3, 11, 0]
[37, 26, 1, 2, 12, 0]
[38, 29, 1, 2, 10, 0]
[31, 27, 0, 1, 9, 0]
[26, 22, 0, 1, 3, 0]
[93, 77, 1, 2, 14, 0]
[70, 57, 1, 2, 14, 0]
[70, 57, 1, 2, 14, 0]
[70, 57, 1, 2, 14, 0]
[43, 38, 0, 2, 24, 0]
[50, 45, 0, 2, 31, 0]
[44, 36, 0, 3, 11, 0]
[46, 36, 1, 3, 11, 0]
[60, 49, 0, 3, 11, 0]
[52, 43, 0, 3, 11, 0]
[52, 35, 0, 3, 5, 0]
[27, 18, 0, 1, 7, 0]
[50, 41, 0, 3, 11, 0]
[55, 48, 0, 2, 11, 0]
[43, 34, 0, 2, 18, 0]
[39, 34, 0, 1, 6, 0]
[36, 30, 0, 3, 9, 0]
[29, 25, 0, 1, 6, 0]
[21, 16, 1, 1, 5, 1]
[36, 29, 0, 2, 8, 0]
[32, 25, 1, 1, 6, 0]
[30, 25, 1, 2, 16, 1]
[25, 21, 0, 1, 6, 0]
[35, 30, 0, 2, 6, 0]
[19, 15, 0, 1, 6, 0]
[31, 21, 2, 2, 6, 0]
[20, 16, 0, 1, 6, 0]
[42, 33, 0, 2, 6, 0]
[28, 21, 0, 2, 8, 0]
[37, 31, 0, 2, 6, 0]
[16, 12, 0, 1, 6, 0]
[29, 20, 0, 3, 9, 0]
[47, 40, 1, 3, 9, 0]
[37, 32, 0, 1, 6, 0]
[28, 23, 0, 2, 8, 0]
[19, 16, 0, 1, 3, 0]
[23, 18, 0, 2, 6, 0]
[44, 35, 0, 3, 6, 0]
[38, 32, 0, 1, 6, 0]
[32, 25, 1, 3, 9, 0]
[22, 17, 0, 1, 6, 0]
[37, 30, 0, 2, 6, 0]
[32, 27, 0, 2, 6, 0]
[38, 32, 0, 3, 6, 0]
[33, 29, 0, 1, 6, 0]
[29, 25, 0, 1, 10, 0]
[46, 38, 0, 4, 9, 0]
[37, 31, 0, 3, 5, 0]
[41, 34, 0, 3, 9, 0]
[41, 34, 0, 1, 7, 0]
[38, 31, 0, 1, 7, 0]
[35, 28, 0, 1, 7, 0]
[39, 32, 0, 1, 7, 0]
[36, 29, 0, 1, 7, 0]
[28, 22, 0, 1, 7, 0]
[30, 20, 4, 1, 7, 0]
[34, 28, 0, 1, 7, 0]
[36, 30, 0, 1, 7, 0]
[20, 16, 0, 1, 10, 0]
[33, 27, 0, 3, 8, 0]
[59, 48, 1, 2, 14, 0]
[66, 54, 1, 2, 14, 0]
[58, 47, 1, 2, 14, 0]
[54, 44, 1, 2, 14, 0]
[54, 44, 1, 2, 14, 0]
[54, 44, 1, 2, 14, 0]
[59, 48, 1, 2, 14, 0]
[53, 46, 0, 2, 11, 0]
[59, 52, 0, 2, 11, 0]
[49, 42, 0, 2, 11, 0]
[40, 35, 0, 2, 21, 0]
[57, 48, 0, 3, 11, 0]
[64, 53, 0, 3, 11, 0]
[39, 31, 1, 3, 11, 0]
[37, 31, 0, 3, 11, 0]
[41, 31, 2, 3, 11, 0]
[41, 34, 0, 3, 11, 0]
[38, 31, 0, 3, 11, 0]
[48, 40, 0, 3, 11, 0]
[37, 31, 0, 3, 11, 0]
[52, 43, 0, 3, 11, 0]
[53, 44, 0, 3, 11, 0]
[44, 37, 0, 3, 11, 0]
[43, 36, 0, 3, 11, 0]
[67, 56, 0, 2, 14, 0]
[62, 50, 1, 2, 14, 0]
[55, 45, 0, 2, 14, 0]
[60, 48, 1, 2, 14, 0]
[60, 48, 1, 2, 14, 0]
[43, 22, 7, 4, 3, 0]
[25, 18, 3, 1, 12, 3]
[63, 50, 6, 2, 11, 0]
[52, 40, 3, 3, 11, 0]
[25, 17, 2, 1, 3, 2]
[34, 26, 1, 3, 5, 1]
[62, 54, 0, 2, 11, 0]
[62, 53, 1, 2, 11, 0]
[59, 50, 1, 2, 11, 0]
[51, 41, 1, 2, 14, 0]
[51, 41, 1, 2, 14, 0]
[52, 41, 2, 2, 14, 0]
[51, 41, 1, 2, 14, 0]
[51, 41, 1, 2, 14, 0]
[69, 55, 1, 2, 14, 0]
[51, 41, 1, 2, 14, 0]
[51, 41, 1, 2, 14, 0]
[51, 41, 1, 2, 14, 0]
[33, 27, 0, 3, 11, 0]
[25, 20, 0, 1, 9, 0]
[27, 19, 1, 3, 5, 1]
[33, 21, 4, 2, 2, 0]
[39, 26, 4, 2, 2, 0]
[41, 31, 1, 2, 6, 0]
[21, 13, 2, 1, 6, 0]
[31, 27, 0, 1, 8, 0]
[32, 26, 0, 2, 8, 0]
[40, 33, 0, 2, 13, 0]
[24, 20, 0, 1, 14, 0]
[38, 33, 0, 2, 19, 0]
[37, 31, 0, 3, 9, 0]
[28, 23, 0, 2, 8, 0]
[29, 24, 0, 2, 6, 0]
[45, 38, 0, 2, 11, 0]
[29, 25, 0, 1, 9, 0]
[81, 66, 1, 2, 14, 0]
[81, 66, 1, 2, 14, 0]
[74, 62, 0, 2, 14, 0]
[50, 43, 0, 2, 11, 0]
[45, 39, 1, 2, 25, 1]
[46, 37, 0, 3, 11, 0]
[48, 37, 1, 3, 11, 0]
[58, 46, 1, 3, 11, 0]
[66, 54, 0, 3, 11, 0]
[74, 59, 1, 3, 11, 0]
[86, 71, 0, 3, 11, 0]
[40, 30, 3, 1, 9, 0]
[36, 30, 0, 2, 9, 0]
[35, 28, 1, 2, 10, 0]
[31, 25, 0, 2, 6, 0]
[55, 43, 1, 2, 7, 0]
[49, 42, 0, 2, 11, 0]
[40, 32, 0, 3, 3, 0]
[73, 62, 0, 2, 14, 0]
[47, 40, 0, 2, 11, 0]
[40, 31, 0, 3, 5, 0]
[53, 44, 1, 3, 9, 0]
[16, 11, 1, 1, 1, 1]
[48, 43, 0, 2, 29, 0]
[34, 28, 0, 3, 7, 0]
[50, 41, 0, 3, 11, 0]
[28, 24, 0, 1, 14, 0]
[48, 38, 2, 2, 12, 0]
[46, 35, 4, 3, 9, 0]
[32, 26, 0, 3, 9, 0]
[29, 24, 0, 2, 13, 0]
[23, 18, 0, 1, 8, 0]
[43, 36, 0, 2, 6, 0]
[26, 21, 0, 2, 6, 0]
[49, 41, 0, 4, 9, 0]
[32, 26, 0, 1, 6, 0]
[56, 48, 1, 3, 9, 0]
[55, 45, 0, 2, 14, 0]
[53, 42, 1, 2, 14, 0]
[53, 42, 1, 2, 14, 0]
[53, 42, 1, 2, 14, 0]
[53, 42, 1, 2, 14, 0]
[53, 42, 1, 2, 14, 0]
[53, 42, 1, 2, 14, 0]
[54, 42, 2, 2, 14, 0]
[49, 41, 0, 3, 11, 0]
[36, 30, 0, 3, 17, 0]
[41, 31, 0, 1, 8, 0]
[55, 44, 3, 2, 16, 0]
[49, 36, 3, 2, 17, 0]
[28, 24, 0, 1, 18, 0]
[31, 26, 0, 2, 11, 0]
[38, 33, 0, 2, 19, 0]
[19, 15, 0, 1, 9, 0]
[21, 16, 1, 1, 1, 1]
[35, 28, 1, 3, 9, 0]
[24, 20, 0, 1, 14, 0]
[29, 24, 0, 2, 12, 0]
[21, 13, 4, 1, 10, 0]
[29, 24, 0, 2, 8, 0]
[19, 14, 0, 1, 8, 0]
[78, 63, 2, 2, 14, 0]
[49, 42, 0, 2, 11, 0]
[58, 48, 0, 3, 11, 0]
[46, 38, 0, 3, 11, 0]
[54, 45, 0, 3, 11, 0]
[57, 45, 2, 3, 11, 0]
[41, 33, 0, 3, 11, 0]
[35, 29, 0, 2, 4, 0]
[66, 56, 0, 3, 11, 0]
[17, 13, 0, 1, 4, 0]
[29, 23, 0, 3, 5, 0]
[26, 14, 7, 2, 7, 5]
[60, 45, 2, 2, 6, 0]
[32, 26, 0, 2, 5, 0]
[31, 27, 0, 1, 12, 0]
[19, 13, 0, 1, 6, 0]
[36, 31, 0, 2, 6, 0]
[20, 15, 1, 1, 5, 1]
[40, 33, 0, 3, 9, 0]
[28, 22, 0, 2, 10, 0]
[32, 28, 0, 2, 19, 0]
[39, 33, 0, 3, 9, 0]
[36, 30, 0, 3, 9, 0]
[34, 24, 4, 3, 9, 0]
[43, 37, 0, 3, 9, 0]
[27, 22, 0, 1, 6, 0]
[40, 34, 0, 3, 9, 0]
[46, 40, 0, 3, 9, 0]
[40, 33, 2, 1, 12, 0]
[29, 25, 0, 1, 4, 0]
[22, 18, 0, 1, 4, 0]
[33, 21, 5, 3, 9, 0]
[34, 26, 1, 2, 7, 0]
[47, 36, 4, 2, 11, 0]
[69, 52, 4, 3, 11, 0]
[17, 13, 0, 1, 7, 0]
[25, 18, 0, 1, 7, 0]
[58, 48, 0, 2, 14, 0]
[60, 48, 1, 2, 14, 0]
[57, 46, 1, 2, 14, 0]
[57, 46, 1, 2, 14, 0]
[57, 46, 1, 2, 14, 0]
[57, 46, 1, 2, 14, 0]
[57, 46, 1, 2, 14, 0]
[57, 46, 1, 2, 14, 0]
[59, 46, 3, 2, 14, 0]
[70, 57, 1, 2, 14, 0]
[20, 15, 2, 1, 7, 2]
[25, 20, 0, 1, 6, 0]
[29, 25, 0, 1, 8, 0]
[51, 42, 0, 3, 11, 0]
[53, 42, 1, 3, 11, 0]
[59, 49, 0, 3, 11, 0]
[67, 53, 2, 3, 11, 0]
[51, 42, 0, 3, 11, 0]
[37, 29, 0, 3, 9, 0]
[43, 34, 0, 3, 9, 0]
[36, 30, 0, 3, 9, 0]
[39, 32, 0, 3, 9, 0]
[37, 30, 0, 3, 9, 0]
[20, 16, 0, 1, 6, 0]
[42, 35, 0, 3, 9, 0]
[38, 32, 0, 3, 9, 0]
[40, 33, 1, 3, 9, 0]
[45, 39, 0, 3, 5, 0]
[20, 15, 1, 1, 6, 0]
[37, 31, 0, 3, 9, 0]
[25, 19, 2, 1, 6, 0]
[29, 24, 0, 1, 11, 0]
[38, 29, 1, 3, 9, 0]
[34, 28, 0, 3, 9, 0]
[41, 34, 1, 3, 9, 0]
[38, 32, 0, 3, 9, 0]
[34, 28, 0, 3, 9, 0]
[50, 43, 0, 3, 9, 0]
[21, 16, 0, 2, 5, 0]
[39, 31, 1, 3, 9, 0]
[26, 19, 2, 2, 6, 0]
[46, 36, 1, 3, 9, 0]
[36, 30, 0, 3, 9, 0]
[54, 45, 0, 1, 11, 0]
[30, 26, 0, 1, 6, 0]
[46, 38, 1, 3, 9, 0]
[65, 54, 0, 3, 11, 0]
[40, 29, 1, 4, 9, 0]
[35, 28, 1, 3, 9, 0]
[42, 35, 0, 3, 9, 0]
[46, 40, 0, 3, 9, 0]
[40, 34, 0, 3, 9, 0]
[23, 19, 0, 1, 13, 0]
[31, 25, 0, 3, 9, 0]
[49, 42, 0, 3, 9, 0]
[37, 31, 0, 3, 9, 0]
[37, 30, 1, 3, 9, 0]
[42, 35, 0, 3, 9, 0]
[39, 32, 0, 3, 9, 0]
[39, 32, 1, 3, 9, 0]
[36, 29, 0, 3, 9, 0]
[53, 46, 0, 3, 9, 0]
[35, 29, 0, 3, 9, 0]
[53, 43, 1, 3, 9, 0]
[44, 36, 1, 3, 9, 0]
[25, 20, 0, 1, 10, 0]
[29, 21, 2, 1, 0, 1]
[27, 23, 0, 1, 6, 0]
[47, 39, 1, 3, 9, 0]
[41, 35, 0, 3, 9, 0]
[37, 31, 0, 3, 9, 0]
[32, 26, 0, 1, 6, 0]
[29, 24, 1, 1, 5, 1]
[31, 24, 1, 3, 9, 0]
[36, 30, 0, 3, 9, 0]
[48, 41, 0, 3, 9, 0]
[41, 30, 5, 3, 9, 0]
[35, 28, 1, 3, 9, 0]
[36, 29, 1, 3, 9, 0]
[44, 34, 4, 3, 9, 0]
[47, 39, 0, 3, 9, 0]
[48, 37, 4, 3, 9, 0]
[46, 38, 1, 3, 9, 0]
[41, 34, 1, 3, 9, 0]
[40, 32, 0, 3, 9, 0]
[39, 29, 1, 3, 8, 0]
[29, 25, 0, 1, 6, 0]
[32, 27, 1, 1, 5, 1]
[34, 25, 1, 3, 9, 0]
[37, 31, 0, 3, 9, 0]
[38, 32, 0, 3, 9, 0]
[31, 25, 0, 3, 9, 0]
[29, 24, 0, 2, 15, 0]
[33, 27, 0, 2, 11, 0]
[37, 28, 1, 3, 9, 0]
[35, 29, 0, 3, 9, 0]
[39, 32, 1, 3, 9, 0]
[26, 22, 0, 1, 6, 0]
[37, 31, 0, 3, 9, 0]
[30, 23, 0, 2, 6, 0]
[29, 21, 3, 2, 6, 0]
[17, 14, 0, 1, 3, 0]
[50, 43, 0, 3, 9, 0]
[38, 30, 1, 3, 9, 0]
[21, 17, 0, 1, 11, 0]
[48, 38, 2, 3, 9, 0]
[31, 25, 0, 2, 6, 0]
[16, 12, 0, 1, 6, 0]
[46, 39, 0, 3, 9, 0]
[33, 27, 0, 3, 9, 0]
[30, 26, 0, 1, 9, 0]
[44, 37, 0, 3, 9, 0]
[42, 34, 0, 3, 9, 0]
[38, 30, 0, 2, 6, 0]
[25, 19, 0, 3, 9, 0]
[46, 40, 0, 3, 9, 0]
[19, 15, 0, 1, 9, 0]
[32, 28, 0, 1, 6, 0]
[33, 26, 1, 3, 9, 0]
[20, 16, 0, 1, 8, 0]
[32, 21, 0, 3, 5, 0]
[23, 18, 1, 1, 1, 1]
[27, 23, 0, 1, 6, 0]
[37, 32, 0, 2, 6, 0]
[47, 40, 0, 3, 9, 0]
[21, 17, 0, 1, 4, 0]
[34, 28, 0, 2, 6, 0]
[36, 30, 0, 1, 7, 0]
[42, 32, 4, 1, 7, 0]
[38, 32, 0, 1, 7, 0]
[38, 31, 1, 3, 9, 0]
[19, 15, 0, 1, 9, 0]
[25, 18, 0, 1, 7, 0]
[55, 45, 0, 3, 11, 0]
[19, 10, 5, 1, 5, 1]
[19, 15, 0, 1, 6, 0]
[26, 20, 0, 1, 6, 0]
[47, 39, 1, 3, 9, 0]
[51, 42, 0, 3, 11, 0]
[41, 35, 0, 3, 9, 0]
[41, 33, 0, 3, 9, 0]
[34, 29, 0, 2, 6, 0]
[30, 21, 1, 4, 7, 0]
[20, 16, 0, 1, 10, 0]
[30, 24, 0, 2, 6, 0]
[36, 29, 0, 3, 4, 0]
[48, 41, 0, 2, 6, 0]
[70, 57, 1, 2, 14, 0]
[64, 53, 0, 2, 14, 0]
[81, 66, 1, 2, 14, 0]
[43, 35, 1, 3, 9, 0]
[53, 44, 2, 2, 11, 0]
[24, 20, 0, 1, 6, 0]
[33, 27, 0, 3, 8, 0]
[32, 26, 0, 1, 7, 0]
[51, 42, 0, 3, 11, 0]
[31, 26, 0, 2, 8, 0]
[55, 48, 0, 2, 11, 0]
[36, 30, 0, 1, 7, 0]
[32, 23, 0, 2, 6, 0]
[26, 21, 0, 1, 6, 0]
[33, 25, 1, 2, 12, 0]
[41, 35, 0, 2, 13, 0]
[38, 32, 0, 2, 13, 0]
[45, 39, 0, 2, 13, 0]
[36, 30, 0, 2, 13, 0]
[36, 30, 0, 2, 13, 0]
[43, 36, 0, 2, 11, 0]
[20, 16, 0, 1, 10, 0]
[54, 43, 1, 2, 14, 0]
[65, 54, 0, 2, 14, 0]
[55, 44, 1, 2, 14, 0]
[47, 40, 0, 2, 11, 0]
[52, 45, 0, 2, 11, 0]
[34, 29, 0, 2, 15, 0]
[47, 39, 0, 3, 11, 0]
[58, 47, 0, 3, 11, 0]
[40, 33, 0, 3, 11, 0]
[43, 34, 0, 3, 11, 0]
[38, 30, 0, 3, 11, 0]
[45, 37, 0, 3, 11, 0]
[53, 43, 0, 3, 11, 0]
[57, 46, 0, 3, 11, 0]
[36, 30, 0, 3, 11, 0]
[44, 36, 0, 3, 11, 0]
[47, 38, 0, 3, 11, 0]
[21, 16, 0, 1, 5, 0]
[13, 9, 0, 1, 3, 0]
[36, 31, 0, 2, 10, 0]
[44, 35, 1, 3, 11, 0]
[34, 25, 4, 2, 6, 0]
[31, 19, 4, 2, 2, 0]
[39, 28, 1, 3, 6, 0]
[23, 19, 0, 1, 6, 0]
[35, 31, 0, 1, 14, 0]
[54, 44, 0, 2, 14, 0]
[55, 44, 3, 2, 16, 0]
[37, 31, 0, 3, 9, 0]
[35, 28, 1, 3, 9, 0]
[52, 45, 0, 2, 6, 0]
[61, 54, 0, 2, 11, 0]
[44, 39, 0, 2, 25, 0]
[28, 23, 0, 2, 9, 0]
[36, 30, 0, 3, 11, 0]
[44, 39, 0, 1, 11, 0]
[84, 60, 4, 2, 9, 0]
[50, 43, 0, 3, 9, 0]
[21, 17, 0, 1, 5, 0]
[30, 24, 0, 3, 5, 0]
[38, 32, 0, 2, 9, 0]
[55, 44, 3, 2, 16, 0]
[41, 34, 0, 2, 13, 0]
[61, 54, 0, 2, 11, 0]
[50, 37, 5, 3, 10, 0]
[40, 31, 0, 2, 9, 0]
[33, 21, 4, 2, 2, 0]
[40, 30, 3, 1, 9, 0]
[34, 27, 1, 3, 9, 0]
[49, 42, 0, 2, 11, 0]
[61, 53, 0, 2, 11, 0]
[52, 41, 1, 3, 7, 0]
[25, 18, 0, 3, 5, 0]
[26, 20, 1, 1, 6, 0]
[26, 22, 0, 1, 6, 0]
[19, 15, 0, 1, 6, 0]
[25, 20, 0, 2, 11, 0]
[43, 35, 0, 3, 11, 0]
[42, 36, 0, 1, 7, 0]
[23, 17, 1, 2, 4, 1]
[39, 33, 0, 3, 10, 0]
[38, 26, 0, 3, 5, 0]
[16, 13, 0, 1, 3, 0]
[46, 39, 0, 3, 6, 0]
[25, 18, 0, 1, 7, 0]
[75, 62, 0, 2, 14, 0]
[86, 71, 1, 2, 14, 0]
[60, 50, 0, 2, 14, 0]
[59, 49, 0, 2, 14, 0]
[63, 53, 0, 3, 11, 0]
[36, 30, 0, 3, 11, 0]
[28, 18, 0, 1, 7, 0]
[70, 57, 1, 2, 14, 0]
[42, 37, 0, 2, 23, 0]
[44, 37, 0, 3, 11, 0]
[50, 43, 0, 3, 11, 0]
[37, 31, 0, 3, 11, 0]
[54, 43, 0, 3, 11, 0]
[47, 38, 0, 3, 11, 0]
[48, 39, 0, 3, 11, 0]
[27, 20, 0, 2, 2, 0]
[42, 34, 1, 2, 11, 0]
[30, 23, 0, 2, 3, 0]
[39, 32, 0, 2, 6, 0]
[29, 24, 0, 1, 6, 0]
[36, 23, 4, 2, 2, 0]
[33, 26, 1, 3, 9, 0]
[51, 41, 0, 3, 9, 0]
[67, 56, 0, 2, 14, 0]
[70, 59, 0, 2, 14, 0]
[64, 54, 0, 2, 14, 0]
[79, 65, 1, 2, 14, 0]
[61, 50, 1, 2, 14, 0]
[43, 36, 0, 3, 11, 0]
[18, 14, 0, 1, 6, 0]
[23, 19, 0, 1, 6, 0]
[20, 15, 0, 1, 9, 0]
[26, 21, 0, 2, 13, 0]
[39, 30, 1, 3, 11, 0]
[37, 30, 0, 3, 11, 0]
[44, 37, 0, 3, 9, 0]
[29, 22, 2, 2, 8, 0]
[35, 28, 1, 3, 9, 0]
[47, 36, 2, 3, 9, 0]
[32, 27, 0, 1, 11, 0]
[36, 29, 1, 3, 9, 0]
[42, 36, 0, 2, 8, 0]
[30, 25, 0, 2, 8, 0]
[27, 23, 0, 1, 12, 0]
[18, 14, 0, 1, 8, 0]
[40, 33, 0, 3, 9, 0]
[22, 17, 0, 1, 11, 0]
[35, 29, 0, 2, 8, 0]
[28, 22, 0, 2, 8, 0]
[40, 31, 1, 1, 24, 0]
[30, 25, 0, 2, 11, 0]
[19, 14, 0, 1, 8, 0]
[36, 30, 0, 3, 11, 0]
[38, 30, 1, 3, 11, 0]
[22, 18, 0, 1, 12, 0]
[27, 20, 2, 2, 8, 0]
[23, 19, 0, 1, 13, 0]
[40, 31, 1, 3, 9, 0]
[20, 16, 0, 1, 8, 0]
[29, 25, 0, 1, 6, 0]
[26, 22, 0, 1, 8, 0]
[36, 29, 0, 2, 8, 0]
[43, 36, 0, 3, 7, 0]
[16, 12, 0, 1, 3, 0]
[33, 27, 0, 2, 9, 0]
[39, 32, 0, 2, 11, 0]
[15, 11, 0, 1, 5, 0]
[35, 28, 0, 1, 6, 0]
[41, 34, 0, 2, 11, 0]
[41, 34, 0, 3, 11, 0]
[52, 44, 0, 3, 11, 0]
[30, 23, 0, 2, 6, 0]
[33, 27, 0, 2, 9, 0]
[18, 12, 2, 2, 9, 0]
[40, 32, 0, 2, 10, 0]
[45, 36, 0, 2, 11, 0]
[31, 24, 0, 2, 5, 0]
[47, 40, 0, 3, 11, 0]
[27, 21, 0, 1, 6, 0]
[49, 42, 0, 2, 11, 0]
[39, 29, 0, 3, 5, 0]
[35, 28, 0, 3, 5, 0]
[17, 13, 0, 1, 7, 0]
[26, 18, 0, 1, 7, 0]
[79, 63, 1, 2, 14, 0]
[65, 52, 1, 2, 14, 0]
[57, 46, 1, 2, 14, 0]
[59, 50, 0, 2, 14, 0]
[47, 39, 0, 2, 14, 0]
[79, 65, 1, 2, 14, 0]
[63, 51, 1, 2, 14, 0]
[63, 51, 1, 2, 14, 0]
[43, 36, 0, 2, 11, 0]
[39, 34, 0, 2, 20, 0]
[55, 46, 0, 3, 11, 0]
[45, 37, 0, 3, 11, 0]
[33, 27, 0, 3, 11, 0]
[54, 45, 0, 3, 11, 0]
[58, 48, 0, 3, 11, 0]
[38, 32, 0, 3, 11, 0]
[47, 39, 0, 3, 11, 0]
[41, 34, 0, 3, 11, 0]
[54, 44, 0, 3, 11, 0]
[48, 40, 0, 3, 11, 0]
[52, 42, 0, 3, 11, 0]
[22, 17, 0, 2, 9, 0]
[38, 31, 0, 4, 9, 0]
[41, 34, 0, 1, 7, 0]
[25, 21, 0, 1, 6, 0]
[50, 35, 0, 3, 5, 0]
[26, 18, 0, 1, 7, 0]
[33, 27, 0, 3, 11, 0]
[38, 27, 4, 3, 11, 0]
[39, 33, 0, 3, 10, 0]
[36, 30, 0, 3, 11, 0]
[33, 27, 0, 3, 8, 0]
[39, 32, 0, 1, 7, 0]
[53, 44, 0, 3, 11, 0]
[37, 30, 0, 3, 8, 0]
[18, 13, 0, 2, 4, 0]
[37, 30, 0, 2, 11, 0]
[41, 32, 0, 3, 5, 0]
[38, 32, 0, 3, 11, 0]
[56, 44, 3, 1, 8, 0]
[38, 25, 7, 3, 4, 0]
[21, 17, 0, 1, 10, 0]
[27, 22, 0, 2, 8, 0]
[59, 48, 0, 3, 9, 0]
[32, 26, 0, 3, 8, 0]
[29, 23, 0, 3, 7, 0]
[29, 16, 7, 3, 4, 0]
[33, 28, 0, 2, 14, 0]
[54, 47, 0, 2, 11, 0]
[27, 21, 0, 2, 5, 0]
[33, 22, 0, 4, 5, 0]
[36, 28, 0, 2, 6, 0]
[49, 44, 0, 2, 30, 0]
[35, 28, 0, 1, 7, 0]
[24, 18, 2, 1, 12, 2]
[43, 31, 6, 2, 12, 0]
[20, 16, 0, 1, 10, 0]
[28, 21, 0, 3, 9, 0]
[20, 16, 0, 1, 10, 0]
[25, 21, 0, 1, 15, 0]
[41, 34, 0, 2, 11, 0]
[39, 32, 0, 2, 11, 0]
[23, 18, 0, 1, 6, 0]
[40, 30, 3, 1, 9, 0]
[46, 39, 0, 3, 10, 0]
[30, 25, 0, 2, 6, 0]
[40, 31, 0, 3, 9, 0]
[21, 16, 0, 2, 6, 0]
[32, 27, 0, 2, 10, 0]
[41, 33, 1, 3, 9, 0]
[32, 25, 0, 3, 5, 0]
[48, 32, 6, 4, 4, 0]
[33, 20, 4, 2, 2, 0]
[35, 27, 0, 2, 6, 0]
[25, 18, 0, 1, 7, 0]
[51, 42, 0, 2, 14, 0]
[59, 52, 0, 2, 11, 0]
[45, 38, 0, 2, 11, 0]
[34, 28, 0, 3, 11, 0]
[57, 47, 0, 3, 11, 0]
[38, 31, 0, 3, 11, 0]
[38, 31, 0, 1, 7, 0]
[31, 25, 0, 3, 7, 0]
[21, 17, 0, 1, 8, 0]
[34, 28, 0, 3, 8, 0]
[45, 36, 0, 3, 11, 0]
[37, 31, 0, 3, 11, 0]
[20, 15, 0, 1, 9, 0]
[56, 43, 4, 1, 8, 0]
[57, 46, 0, 3, 9, 0]
[18, 14, 0, 2, 9, 0]
[23, 18, 0, 2, 6, 0]
[14, 10, 0, 1, 4, 0]
[38, 31, 0, 1, 7, 0]
[25, 21, 0, 1, 6, 0]
[25, 20, 0, 2, 12, 0]
[47, 37, 0, 3, 7, 0]
[57, 47, 1, 3, 11, 0]
[37, 30, 0, 3, 11, 0]
[24, 20, 0, 1, 13, 0]
[27, 23, 0, 1, 17, 0]
[31, 26, 0, 2, 6, 0]
[58, 49, 0, 2, 14, 0]
[51, 44, 0, 2, 11, 0]
[46, 38, 0, 2, 11, 0]
[56, 48, 0, 2, 11, 0]
[46, 38, 0, 2, 11, 0]
[62, 51, 0, 3, 11, 0]
[50, 35, 0, 3, 5, 0]
[54, 44, 1, 2, 14, 0]
[64, 53, 1, 2, 14, 0]
[70, 57, 1, 2, 14, 0]
[81, 67, 1, 2, 14, 0]
[84, 70, 1, 2, 14, 0]
[84, 70, 1, 2, 14, 0]
[84, 70, 1, 2, 14, 0]
[59, 48, 1, 2, 14, 0]
[59, 48, 1, 2, 14, 0]
[49, 40, 0, 2, 14, 0]
[56, 45, 1, 2, 14, 0]
[55, 44, 1, 2, 14, 0]
[63, 52, 0, 2, 14, 0]
[45, 38, 0, 2, 11, 0]
[46, 38, 1, 2, 11, 0]
[53, 46, 0, 2, 11, 0]
[39, 32, 0, 2, 11, 0]
[41, 34, 0, 2, 11, 0]
[33, 28, 0, 2, 14, 0]
[40, 35, 0, 2, 21, 0]
[36, 30, 0, 3, 11, 0]
[55, 46, 0, 3, 11, 0]
[58, 48, 0, 3, 11, 0]
[64, 54, 0, 3, 11, 0]
[62, 53, 0, 3, 11, 0]
[36, 29, 0, 3, 11, 0]
[37, 30, 0, 3, 11, 0]
[48, 39, 0, 3, 11, 0]
[52, 42, 0, 3, 11, 0]
[37, 30, 0, 3, 11, 0]
[42, 34, 0, 3, 11, 0]
[53, 43, 0, 3, 11, 0]
[35, 29, 0, 3, 11, 0]
[38, 32, 0, 3, 11, 0]
[36, 30, 0, 3, 11, 0]
[43, 36, 0, 3, 11, 0]
[63, 51, 1, 3, 11, 0]
[61, 51, 0, 3, 11, 0]
[19, 14, 0, 1, 7, 0]
[23, 18, 0, 2, 5, 0]
[38, 33, 0, 1, 11, 0]
[37, 31, 0, 3, 9, 0]
[41, 31, 4, 3, 9, 0]
[24, 19, 0, 1, 6, 0]
[22, 18, 0, 1, 12, 0]
[20, 16, 0, 1, 10, 0]
[46, 38, 1, 2, 11, 0]
[49, 42, 0, 2, 11, 0]
[36, 30, 0, 3, 9, 0]
[31, 25, 0, 2, 6, 0]
[32, 26, 0, 2, 17, 0]
[43, 35, 1, 3, 9, 0]
[43, 36, 0, 2, 6, 0]
[21, 17, 0, 1, 11, 0]
[29, 22, 1, 3, 9, 0]
[48, 40, 0, 3, 9, 0]
[49, 40, 2, 3, 9, 0]
[26, 22, 0, 1, 6, 0]
[24, 20, 0, 1, 10, 0]
[33, 27, 0, 2, 17, 0]
[56, 48, 0, 3, 11, 0]
[61, 47, 4, 1, 8, 0]
[39, 28, 3, 2, 4, 0]
[40, 32, 0, 2, 8, 0]
[55, 45, 0, 3, 9, 0]
[19, 14, 0, 2, 5, 0]
[43, 37, 0, 2, 6, 0]
[48, 41, 0, 3, 10, 0]
[46, 35, 0, 3, 6, 0]
[46, 35, 3, 3, 9, 0]
[30, 24, 0, 4, 18, 0]
[32, 22, 0, 3, 3, 0]
[51, 43, 1, 3, 9, 0]
[38, 30, 1, 2, 8, 0]
[24, 17, 0, 3, 5, 0]
[26, 18, 0, 1, 7, 0]
[45, 38, 0, 1, 7, 0]
[15, 11, 0, 1, 5, 0]
[44, 34, 0, 3, 9, 0]
[25, 20, 0, 2, 8, 0]
[41, 34, 0, 3, 11, 0]
[32, 24, 0, 3, 4, 0]
[32, 24, 1, 3, 5, 0]
[30, 25, 0, 2, 14, 0]
[25, 20, 0, 2, 10, 0]
[33, 26, 1, 3, 9, 0]
[28, 22, 0, 3, 9, 0]
[44, 37, 0, 2, 6, 0]
[44, 34, 0, 2, 5, 0]
[31, 23, 0, 2, 6, 0]
[23, 20, 0, 1, 8, 0]
[44, 34, 1, 3, 9, 0]
[31, 24, 0, 2, 6, 0]
[45, 37, 0, 3, 6, 0]
[38, 25, 4, 2, 2, 0]
[27, 22, 0, 2, 11, 0]
[46, 41, 0, 2, 27, 0]
[19, 15, 0, 2, 7, 0]
[79, 66, 1, 2, 14, 0]
[26, 21, 0, 1, 12, 0]
[32, 26, 0, 3, 11, 0]
[25, 21, 0, 1, 4, 0]
[31, 25, 0, 3, 9, 0]
[20, 16, 0, 1, 5, 0]
[37, 31, 0, 2, 6, 0]
[51, 44, 0, 2, 11, 0]
[49, 42, 0, 2, 11, 0]
[32, 22, 4, 3, 15, 3]
[42, 32, 0, 3, 7, 0]
[36, 30, 0, 2, 15, 0]
[51, 44, 0, 2, 11, 0]
[30, 23, 2, 2, 13, 0]
[46, 39, 0, 3, 11, 0]
[51, 34, 6, 4, 6, 0]
[28, 23, 0, 1, 9, 0]
[25, 18, 0, 2, 4, 0]
[34, 23, 3, 2, 2, 0]
[45, 37, 0, 3, 5, 0]
[30, 25, 0, 3, 19, 0]
[47, 40, 0, 2, 11, 0]
[53, 44, 0, 3, 11, 0]
[44, 38, 1, 2, 6, 0]
[30, 24, 0, 3, 9, 0]
[34, 27, 0, 3, 5, 0]
[18, 14, 0, 1, 7, 0]
[34, 28, 0, 1, 7, 0]
[34, 26, 0, 3, 5, 0]
[34, 28, 0, 3, 8, 0]
[38, 31, 0, 2, 5, 0]
[16, 12, 0, 1, 6, 0]
[32, 26, 0, 3, 9, 0]
[33, 25, 1, 4, 3, 0]
[30, 25, 0, 2, 7, 0]
[29, 16, 7, 3, 4, 0]
[53, 46, 0, 2, 11, 0]
[46, 38, 0, 3, 11, 0]
[50, 41, 2, 2, 11, 0]
[62, 53, 2, 2, 11, 0]
[47, 40, 0, 3, 11, 0]
[32, 26, 0, 3, 11, 0]
[36, 30, 0, 3, 11, 0]
[44, 37, 0, 3, 11, 0]
[52, 42, 0, 3, 11, 0]
[30, 26, 0, 1, 20, 0]
[20, 13, 2, 1, 1, 2]
[58, 47, 0, 3, 11, 0]
[56, 46, 0, 3, 11, 0]
[22, 18, 0, 1, 12, 0]
[20, 15, 0, 1, 9, 0]
[19, 15, 0, 1, 9, 0]
[29, 23, 0, 2, 9, 0]
[18, 14, 0, 1, 5, 0]
[19, 15, 0, 1, 9, 0]
[32, 27, 0, 2, 8, 0]
[107, 86, 1, 3, 11, 0]
[76, 61, 0, 3, 11, 0]
[28, 23, 0, 1, 13, 0]
[23, 18, 0, 1, 12, 0]
[23, 19, 0, 1, 13, 0]
[20, 16, 0, 1, 10, 0]
[24, 19, 0, 1, 13, 0]
[36, 30, 0, 3, 8, 0]
[42, 34, 1, 3, 9, 0]
[30, 20, 0, 3, 9, 0]
[33, 27, 0, 3, 7, 0]
[62, 50, 0, 3, 11, 0]
[18, 14, 0, 1, 8, 0]
[31, 22, 3, 2, 6, 0]
[30, 24, 0, 2, 6, 0]
[42, 35, 1, 3, 9, 0]
[40, 30, 2, 3, 9, 0]
[21, 17, 0, 1, 11, 0]
[32, 23, 4, 2, 7, 4]
[35, 27, 2, 3, 9, 0]
[42, 34, 1, 3, 9, 0]
[19, 15, 0, 2, 9, 0]
[38, 29, 0, 2, 6, 0]
[25, 18, 2, 1, 6, 0]
[47, 36, 2, 3, 9, 0]
[38, 32, 0, 1, 7, 0]
[19, 14, 0, 2, 5, 0]
[16, 11, 1, 1, 1, 1]
[23, 17, 1, 1, 10, 0]
[40, 29, 1, 3, 9, 0]
[38, 30, 0, 3, 9, 0]
[29, 23, 0, 2, 6, 0]
[35, 27, 0, 1, 6, 0]
[54, 47, 0, 3, 9, 0]
[44, 36, 1, 3, 9, 0]
[40, 32, 1, 3, 9, 0]
[37, 32, 0, 2, 6, 0]
[39, 29, 2, 2, 6, 0]
[44, 36, 1, 3, 9, 0]
[25, 21, 0, 1, 6, 0]
[53, 45, 1, 3, 9, 0]
[28, 23, 0, 2, 8, 0]
[47, 40, 0, 3, 6, 0]
[21, 17, 0, 1, 4, 0]
[36, 28, 0, 2, 4, 0]
[42, 33, 1, 3, 6, 0]
[44, 37, 0, 3, 9, 0]
[36, 28, 0, 3, 7, 0]
[32, 26, 0, 2, 16, 0]
[25, 21, 0, 1, 6, 0]
[26, 22, 0, 1, 16, 0]
[35, 22, 1, 2, 10, 0]
[17, 13, 0, 1, 7, 0]
[47, 41, 0, 3, 5, 0]
[31, 25, 0, 3, 11, 0]
[32, 27, 0, 1, 10, 0]
[52, 42, 0, 3, 6, 0]
[40, 30, 4, 3, 9, 0]
[24, 20, 0, 1, 6, 0]
[18, 14, 0, 1, 8, 0]
[32, 25, 0, 2, 7, 0]
[56, 49, 0, 2, 11, 0]
[51, 44, 0, 2, 11, 0]
[78, 66, 0, 2, 14, 0]
[79, 67, 0, 2, 14, 0]
[51, 43, 0, 3, 11, 0]
[65, 55, 0, 3, 11, 0]
[69, 58, 0, 3, 11, 0]
[27, 18, 0, 3, 9, 0]
[43, 34, 1, 2, 6, 0]
[37, 26, 0, 2, 6, 0]
[38, 31, 1, 3, 9, 0]
[40, 35, 0, 2, 21, 0]
[43, 38, 0, 2, 19, 0]
[41, 30, 1, 2, 6, 0]
[26, 22, 0, 1, 8, 0]
[40, 35, 0, 2, 21, 0]
[30, 24, 0, 2, 9, 0]
[53, 46, 0, 3, 11, 0]
[53, 46, 0, 2, 11, 0]
[39, 31, 1, 3, 9, 0]
[38, 32, 0, 3, 5, 0]
[32, 26, 0, 3, 11, 0]
[55, 44, 0, 3, 11, 0]
[20, 16, 0, 1, 4, 0]
[33, 20, 4, 2, 2, 0]
[27, 20, 0, 3, 5, 0]
[69, 56, 1, 2, 14, 0]
[39, 32, 0, 2, 11, 0]
[51, 44, 0, 2, 11, 0]
[40, 34, 0, 2, 7, 0]
[55, 45, 0, 3, 11, 0]
[50, 42, 0, 3, 11, 0]
[40, 30, 3, 1, 9, 0]
[71, 59, 0, 2, 14, 0]
[71, 59, 0, 2, 14, 0]
[71, 60, 0, 2, 14, 0]
[67, 56, 0, 2, 14, 0]
[58, 47, 1, 2, 14, 0]
[58, 47, 1, 2, 14, 0]
[58, 47, 1, 2, 14, 0]
[25, 20, 0, 1, 14, 0]
[26, 22, 0, 1, 16, 0]
[15, 11, 0, 1, 5, 0]
[22, 18, 0, 1, 12, 0]
[30, 24, 0, 2, 4, 0]
[31, 25, 0, 3, 8, 0]
[40, 30, 3, 1, 9, 0]
[55, 48, 0, 2, 11, 0]
[20, 14, 2, 1, 4, 2]
[40, 30, 0, 3, 9, 0]
[30, 23, 1, 3, 9, 0]
[22, 18, 0, 1, 6, 0]
[37, 30, 1, 3, 9, 0]
[46, 36, 1, 3, 9, 0]
[35, 29, 2, 1, 8, 2]
[33, 27, 0, 3, 11, 0]
[48, 40, 0, 3, 9, 0]
[39, 32, 0, 3, 11, 0]
[25, 18, 0, 1, 7, 0]
[55, 46, 0, 2, 14, 0]
[53, 42, 1, 2, 14, 0]
[73, 60, 0, 2, 14, 0]
[54, 44, 1, 2, 14, 0]
[59, 48, 1, 2, 14, 0]
[59, 48, 1, 2, 14, 0]
[57, 50, 0, 2, 11, 0]
[59, 52, 0, 2, 11, 0]
[42, 37, 0, 2, 23, 0]
[57, 48, 2, 2, 11, 0]
[44, 37, 0, 3, 11, 0]
[36, 30, 0, 3, 11, 0]
[42, 35, 0, 3, 11, 0]
[41, 34, 0, 3, 11, 0]
[39, 32, 0, 3, 11, 0]
[64, 52, 0, 3, 11, 0]
[38, 25, 4, 2, 2, 0]
[48, 40, 1, 2, 11, 0]
[53, 44, 0, 2, 14, 0]
[53, 46, 0, 2, 11, 0]
[40, 35, 0, 2, 21, 0]
[40, 33, 0, 3, 11, 0]
[31, 25, 0, 2, 9, 0]
[52, 45, 0, 2, 11, 0]
[43, 33, 0, 3, 5, 0]
[35, 27, 0, 2, 5, 0]
[33, 24, 3, 2, 6, 0]
[35, 30, 0, 2, 16, 0]
[39, 34, 0, 1, 15, 0]
[25, 18, 0, 1, 7, 0]
[57, 50, 0, 2, 11, 0]
[22, 13, 0, 2, 7, 0]
[43, 34, 0, 2, 6, 0]
[24, 18, 2, 1, 11, 0]
[48, 40, 1, 3, 9, 0]
[26, 21, 0, 2, 6, 0]
[42, 36, 0, 3, 5, 0]
[46, 41, 0, 2, 27, 0]
[17, 13, 0, 1, 7, 0]
[43, 28, 2, 2, 9, 0]
[51, 43, 0, 3, 14, 0]
[45, 37, 1, 3, 9, 0]
[63, 53, 0, 2, 44, 0]
[39, 32, 1, 3, 9, 0]
[54, 46, 0, 2, 37, 0]
[35, 31, 0, 2, 22, 0]
[43, 36, 0, 3, 9, 0]
[26, 22, 0, 1, 6, 0]
[45, 34, 4, 2, 7, 0]
[26, 22, 0, 1, 6, 0]
[41, 34, 1, 3, 9, 0]
[43, 35, 1, 3, 9, 0]
[51, 43, 1, 3, 9, 0]
[46, 40, 0, 2, 14, 0]
[43, 36, 0, 2, 15, 0]
[34, 28, 0, 2, 4, 0]
[37, 32, 0, 1, 16, 0]
[26, 22, 0, 1, 11, 0]
[32, 23, 3, 2, 6, 0]
[20, 16, 0, 1, 8, 0]
[24, 20, 0, 1, 6, 0]
[34, 28, 0, 1, 6, 0]
[38, 31, 0, 3, 9, 0]
[51, 40, 1, 2, 6, 0]
[20, 16, 0, 1, 10, 0]
[32, 27, 0, 2, 8, 0]
[33, 28, 0, 2, 8, 0]
[35, 26, 0, 2, 9, 0]
[30, 26, 0, 1, 14, 0]
[18, 13, 1, 1, 1, 1]
[39, 32, 1, 3, 9, 0]
[45, 31, 1, 3, 9, 0]
[33, 27, 0, 3, 9, 0]
[40, 29, 2, 2, 6, 0]
[37, 30, 1, 3, 9, 0]
[43, 34, 2, 3, 9, 0]
[23, 17, 1, 1, 10, 0]
[40, 33, 0, 3, 9, 0]
[47, 41, 0, 2, 6, 0]
[49, 41, 0, 3, 10, 0]
[27, 22, 0, 1, 6, 0]
[50, 43, 0, 3, 6, 0]
[45, 36, 1, 3, 9, 0]
[54, 44, 1, 3, 9, 0]
[33, 28, 0, 2, 8, 0]
[26, 20, 0, 1, 6, 0]
[41, 35, 0, 2, 8, 0]
[34, 29, 0, 2, 13, 0]
[37, 30, 0, 2, 8, 0]
[21, 16, 1, 1, 1, 1]
[56, 48, 0, 3, 9, 0]
[28, 23, 0, 1, 6, 0]
[39, 30, 3, 3, 9, 0]
[32, 27, 0, 2, 8, 0]
[48, 42, 0, 2, 10, 0]
[24, 20, 0, 1, 6, 0]
[34, 28, 0, 2, 4, 0]
[41, 33, 1, 3, 9, 0]
[32, 26, 0, 1, 10, 0]
[15, 12, 0, 1, 3, 0]
[42, 34, 0, 2, 11, 0]
[31, 25, 0, 1, 19, 0]
[30, 26, 0, 1, 10, 0]
[21, 18, 0, 1, 3, 0]
[31, 26, 0, 1, 17, 0]
[37, 31, 0, 2, 10, 0]
[40, 34, 0, 3, 10, 0]
[51, 42, 0, 2, 10, 0]
[46, 37, 1, 2, 13, 0]
[70, 58, 0, 3, 14, 0]
[27, 21, 1, 2, 10, 0]
[44, 36, 1, 4, 22, 1]
[40, 33, 1, 3, 10, 0]
[46, 36, 1, 3, 14, 0]
[47, 36, 2, 2, 10, 0]
[32, 25, 2, 1, 10, 1]
[44, 33, 4, 2, 10, 0]
[58, 44, 4, 4, 30, 4]
[52, 42, 4, 3, 10, 0]
[49, 36, 4, 3, 14, 0]
[46, 37, 1, 2, 13, 0]
[50, 36, 0, 2, 6, 0]
[22, 18, 0, 1, 5, 0]
[30, 26, 0, 1, 20, 0]
[38, 31, 0, 2, 6, 0]
[46, 40, 0, 3, 9, 0]
[23, 17, 2, 1, 4, 2]
[55, 46, 1, 3, 9, 0]
[32, 26, 0, 3, 5, 0]
[43, 34, 0, 3, 5, 0]
[53, 44, 2, 2, 1, 2]
[38, 24, 2, 2, 12, 0]
[19, 10, 5, 1, 4, 0]
[29, 25, 0, 1, 4, 0]
[35, 26, 1, 2, 12, 0]
[29, 25, 0, 1, 9, 0]
[19, 14, 0, 2, 4, 0]
[33, 27, 0, 3, 8, 0]
[40, 27, 4, 2, 2, 0]
[30, 24, 0, 3, 8, 0]
[27, 21, 0, 3, 2, 0]
[47, 40, 0, 2, 11, 0]
[37, 30, 1, 3, 9, 0]
[37, 31, 0, 3, 5, 0]
[29, 24, 0, 1, 6, 0]
[46, 38, 0, 3, 7, 0]
[51, 35, 9, 2, 4, 0]
[49, 43, 0, 3, 10, 0]
[38, 25, 4, 2, 2, 0]
[49, 42, 0, 2, 10, 0]
[50, 42, 0, 2, 10, 0]
[58, 49, 0, 2, 14, 0]
[83, 39, 21, 7, 8, 0]
[44, 37, 0, 3, 14, 0]
[45, 38, 0, 3, 11, 0]
[35, 28, 0, 1, 7, 0]
[42, 29, 4, 2, 2, 0]
[40, 30, 1, 3, 9, 0]
[42, 37, 0, 2, 23, 0]
[26, 18, 0, 1, 7, 0]
[29, 22, 2, 1, 4, 2]
[36, 31, 0, 2, 11, 0]
[17, 13, 0, 1, 7, 0]
[37, 32, 0, 2, 8, 0]
[26, 22, 0, 2, 11, 0]
[35, 29, 0, 2, 8, 0]
[22, 18, 0, 1, 12, 0]
[57, 46, 0, 3, 6, 0]
[37, 30, 0, 3, 5, 0]
[39, 34, 0, 2, 20, 0]
[51, 44, 0, 2, 11, 0]
[42, 32, 1, 3, 11, 0]
[40, 32, 0, 3, 11, 0]
[44, 35, 0, 3, 11, 0]
[30, 24, 0, 3, 5, 0]
[50, 37, 5, 3, 10, 0]
[40, 30, 3, 1, 9, 0]
[59, 52, 0, 2, 11, 0]
[43, 38, 0, 2, 24, 0]
[49, 40, 0, 2, 14, 0]
[45, 38, 0, 2, 11, 0]
[43, 36, 0, 2, 11, 0]
[40, 33, 0, 3, 11, 0]
[43, 36, 0, 3, 11, 0]
[49, 41, 0, 3, 11, 0]
[50, 42, 0, 3, 11, 0]
[40, 33, 0, 3, 11, 0]
[42, 34, 0, 3, 11, 0]
[45, 37, 0, 3, 11, 0]
[38, 30, 0, 3, 11, 0]
[40, 30, 1, 3, 11, 0]
[33, 25, 1, 3, 11, 0]
[31, 25, 0, 3, 11, 0]
[38, 31, 0, 3, 11, 0]
[41, 30, 0, 3, 8, 0]
[65, 49, 4, 2, 10, 0]
[28, 24, 0, 1, 12, 0]
[56, 48, 0, 2, 11, 0]
[59, 51, 0, 2, 11, 0]
[42, 35, 0, 3, 9, 0]
[40, 31, 0, 3, 2, 0]
[35, 30, 0, 1, 4, 0]
[33, 27, 0, 1, 7, 0]
[42, 34, 1, 3, 9, 0]
[35, 29, 0, 1, 22, 0]
[56, 47, 1, 3, 9, 0]
[40, 30, 1, 3, 6, 0]
[45, 32, 4, 3, 6, 0]
[23, 17, 0, 3, 13, 0]
[39, 31, 1, 3, 9, 0]
[37, 28, 0, 2, 6, 0]
[41, 32, 1, 3, 9, 0]
[35, 29, 0, 1, 22, 0]
[43, 37, 0, 1, 10, 0]
[66, 58, 1, 3, 9, 0]
[38, 32, 0, 3, 5, 0]
[17, 13, 0, 1, 5, 0]
[19, 15, 0, 1, 3, 0]
[34, 28, 0, 1, 7, 0]
[22, 18, 0, 1, 9, 0]
[39, 30, 0, 3, 9, 0]
[35, 28, 0, 2, 7, 0]
[43, 34, 1, 3, 9, 0]
[34, 27, 1, 3, 9, 0]
[32, 26, 0, 2, 6, 0]
[36, 29, 1, 3, 9, 0]
[36, 28, 0, 3, 9, 0]
[40, 31, 3, 2, 6, 0]
[41, 34, 0, 3, 9, 0]
[42, 25, 3, 2, 6, 0]
[33, 24, 2, 3, 5, 0]
[37, 30, 0, 3, 9, 0]
[40, 32, 1, 3, 9, 0]
[32, 25, 1, 3, 9, 0]
[26, 21, 0, 1, 6, 0]
[40, 33, 0, 4, 9, 0]
[23, 17, 2, 1, 6, 0]
[41, 34, 1, 3, 9, 0]
[18, 14, 0, 1, 8, 0]
[14, 10, 0, 1, 5, 0]
[31, 23, 0, 3, 9, 0]
[47, 37, 1, 3, 9, 0]
[34, 27, 0, 2, 7, 0]
[36, 28, 0, 5, 4, 0]
[27, 22, 0, 2, 5, 0]
[44, 36, 1, 3, 9, 0]
[30, 24, 0, 2, 6, 0]
[34, 30, 0, 2, 13, 0]
[40, 33, 2, 2, 6, 0]
[39, 32, 1, 3, 9, 0]
